14
30
37
47
48
62
100
139
141
150
159
160
161
167
178
193
203
207
212
212
217
225
229
236
239
239
244
268
271
273
284
296
330
337
342
368
372
381
384
399
400
423
425
431
441
490
503
518
537
553
556
570
571
584
590
592
601
606
609
624
629
632
640
643
646
648
670
679
683
695
698
708
709
729
747
757
758
767
773
780
783
787
792
798
818
819
825
828
830
847
853
858
864
874
897
906
909
915
948
951
959
963
965
967
976
980
992
997
1014
1019
1043
1052
1058
1060
1062
1068
1099
1108
1109
1112
1116
1122
1131
1135
1137
1152
1197
1205
1212
1215
1225
1234
1250
1255
1258
1265
1274
1275
1281
1290
1298
1306
1311
1323
1334
1336
1338
1339
1351
1358
1368
1369
1404
1405
1419
1428
1499
1504
1520
1535
1540
1544
1545
1581
1586
1596
1611
1622
1638
1641
1641
1648
1651
1661
1671
1672
1678
1684
1686
1689
1691
1707
1719
1721
1743
1770
1771
1777
1814
1827
1827
1832
1845
1873
1885
1890
1911
1915
1930
1935
1948
1951
1960
1966
1999
2001
2006
2029
2038
2052
2067
2069
2086
2090
2131
2138
2146
2151
2156
2178
2197
2204
2216
2243
2245
2246
2277
2283
2287
2303
2316
2319
2328
2346
2357
2369
2394
2398
2413
2414
2449
2457
2465
2471
2494
2511
2515
2526
2527
2527
2533
2542
2550
2552
2556
2559
2584
2585
2604
2609
2611
2619
2623
2630
2631
2634
2636
2656
2658
2686
2686
2712
2724
2732
2758
2762
2788
2789
2797
2799
2801
2802
2835
2871
2890
2903
2906
2908
2928
2933
2934
2936
2944
2956
2970
2971
2974
2975
2989
3014
3016
3022
3029
3031
3038
3040
3042
3053
3059
3061
3061
3062
3083
3086
3089
3101
3109
3119
3120
3124
3132
3140
3143
3168
3169
3170
3189
3199
3201
3211
3224
3224
3241
3247
3253
3274
3287
3298
3300
3317
3319
3326
3328
3339
3342
3367
3369
3373
3384
3388
3403
3407
3410
3426
3459
3463
3463
3463
3465
3470
3475
3478
3497
3506
3517
3524
3532
3535
3535
3537
3539
3541
3575
3579
3584
3593
3595
3598
3624
3633
3636
3638
3659
3661
3686
3687
3693
3696
3697
3708
3711
3731
3734
3742
3743
3771
3775
3805
3819
3835
3844
3868
3882
3910
3926
3943
3947
3959
3972
3977
4000
4023
4023
4036
4036
4038
4071
4086
4088
4089
4105
4108
4149
4172
4191
4216
4224
4225
4234
4245
4247
4249
4257
4271
4274
4279
4280
4288
4296
4298
4305
4320
4323
4330
4336
4339
4340
4341
4345
4371
4374
4377
4406
4407
4411
4432
4436
4446
4454
4463
4487
4488
4490
4491
4495
4513
4514
4538
4544
4547
4572
4577
4586
4593
4607
4612
4644
4663
4665
4674
4696
4709
4719
4727
4730
4730
4731
4741
4744
4766
4797
4803
4825
4826
4826
4828
4836
4839
4840
4842
4867
4891
4898
4921
4930
4943
4971
5002
5003
5016
5018
5021
5029
5038
5046
5048
5057
5061
5066
5067
5089
5104
5110
5116
5122
5133
5135
5142
5149
5175
5177
5193
5204
5210
5215
5218
5223
5224
5226
5232
5248
5269
5272
5327
5329
5352
5370
5383
5406
5429
5430
5443
5445
5456
5460
5461
5490
5501
5503
5507
5509
5511
5560
5561
5575
5584
5588
5592
5597
5627
5631
5632
5633
5634
5640
5676
5697
5707
5710
5736
5739
5765
5776
5776
5778
5803
5812
5812
5836
5844
5849
5862
5882
5899
5899
5905
5925
5936
5946
5954
5956
5956
5959
5962
5971
5972
5973
5988
6007
6018
6018
6020
6038
6074
6082
6100
6109
6115
6122
6129
6150
6154
6166
6174
6178
6223
6227
6231
6238
6245
6266
6267
6278
6278
6307
6316
6328
6332
6335
6338
6339
6354
6357
6360
6369
6377
6383
6383
6389
6430
6449
6456
6467
6475
6476
6487
6497
6498
6502
6506
6526
6528
6584
6613
6614
6622
6627
6636
6647
6655
6666
6669
6670
6677
6715
6727
6746
6748
6755
6762
6763
6779
6792
6793
6798
6816
6819
6827
6836
6841
6882
6897
6898
6899
6903
6910
6916
6933
6948
6961
6961
6970
6975
6984
6995
6995
7012
7032
7045
7048
7059
7078
7093
7094
7094
7100
7104
7105
7107
7110
7135
7155
7164
7168
7173
7178
7200
7217
7220
7222
7227
7256
7266
7279
7289
7295
7313
7321
7322
7329
7330
7334
7348
7355
7375
7376
7387
7397
7408
7420
7426
7440
7450
7451
7456
7467
7473
7473
7488
7488
7489
7492
7492
7503
7507
7525
7530
7535
7536
7547
7569
7573
7574
7580
7594
7614
7617
7625
7629
7633
7643
7647
7650
7651
7673
7695
7714
7729
7737
7745
7763
7767
7781
7785
7798
7808
7812
7815
7823
7824
7848
7863
7866
7930
7939
7940
7958
7960
7965
7974
7983
8006
8038
8038
8042
8051
8057
8087
8096
8112
8134
8139
8147
8150
8150
8168
8180
8199
8205
8215
8215
8221
8233
8235
8253
8312
8315
8316
8326
8332
8339
8340
8344
8358
8369
8369
8372
8396
8406
8430
8446
8449
8502
8510
8518
8519
8525
8528
8535
8546
8560
8570
8578
8589
8600
8606
8614
8616
8671
8676
8708
8729
8730
8741
8758
8769
8783
8793
8800
8802
8802
8820
8826
8845
8845
8858
8863
8863
8877
8888
8894
8900
8904
8908
8947
8954
8994
8998
9005
9009
9009
9016
9018
9020
9033
9047
9055
9069
9081
9084
9084
9089
9100
9103
9142
9149
9163
9171
9189
9191
9191
9201
9204
9215
9243
9249
9292
9292
9301
9310
9329
9336
9346
9350
9370
9377
9384
9392
9397
9404
9407
9412
9426
9437
9449
9458
9460
9472
9485
9490
9509
9510
9515
9521
9523
9543
9550
9554
9554
9560
9581
9590
9610
9611
9619
9627
9633
9639
9642
9648
9657
9658
9660
9678
9681
9688
9690
9720
9730
9742
9760
9764
9776
9781
9810
9811
9812
9836
9838
9867
9884
9891
9894
9918
9922
9956
9960
9974
9975
9990
